000 920 566
001 626 319
002 777 421
003 708 402
004 785 454
005 777 436
006 809 469
007 838 468
008 837 464
009 789 425
010 888 569
011 808 500
012 672 365
013 788 344
014 875 560
015 782 426
016 608 293
017 689 405
018 864 527
019 719 409
020 832 538
021 590 220
022 882 576
023 907 500
024 799 461
025 948 668
026 925 576
027 880 587
028 762 434
029 854 486
030 842 527
031 813 492
032 782 392
033 869 540
034 714 404
035 695 274
036 782 428
037 1007 663
038 823 417
039 783 365
040 755 443
041 726 452
042 772 445
043 807 455
044 783 393
045 666 344
046 835 531
047 781 385
048 768 475
049 800 460
050 865 529
051 731 397
052 723 442
053 807 481
054 831 493
055 856 520
056 881 531
057 821 455
058 969 621
059 867 528
060 730 386
061 730 374
062 665 221
063 815 408
